4 7 0
0.251287 0.534900 0.031545 0.182268
0.271148 0.140001 0.296427 0.292423
0.594157 0.167663 0.123629 0.114551
0.246960 0.207388 0.269500 0.276152
0.308074 0.300786 0.302488 0.088652
0.066089 0.318364 0.193798 0.421750
0.213661 0.255800 0.227414 0.303125
0.206323 0.208274 0.048339 0.537064
0.010023 0.364243 0.436769 0.188964
0.334287 0.157361 0.094274 0.414079
0.382945 0.172695 0.303720 0.140640
0.423547 0.306121 0.114422 0.155910
0.496224 0.316374 0.094697 0.092706
0.236014 0.100409 0.379198 0.284380
0.415702 0.085166 0.249389 0.249743
0.298177 0.292638 0.405544 0.003642
0.362522 0.143121 0.112263 0.382094
0.545444 0.423723 0.020743 0.010090
0.137971 0.437820 0.105393 0.318816
0.024377 0.254872 0.570318 0.150433
0.484219 0.090660 0.010985 0.414137
0.306922 0.150506 0.330160 0.212411
0.346032 0.111345 0.167571 0.375052
0.346803 0.231859 0.048337 0.373001
0.248996 0.331674 0.137330 0.282000
0.232929 0.167534 0.285195 0.314342
0.248362 0.286443 0.385880 0.079315
0.461589 0.236279 0.018084 0.284047
0.077990 0.106185 0.765946 0.049880
0.156145 0.122227 0.366574 0.355053